-1.50000000e-01  1.79999993e+00 -1.50000000e-01  9.99998493e-01 -1.50000000e-01  8.00001435e-01 
-1.47500000e-01  1.79999993e+00 -1.47500000e-01  9.99998516e-01 -1.47500000e-01  8.00001412e-01 
-1.45000000e-01  1.79999993e+00 -1.45000000e-01  9.99998538e-01 -1.45000000e-01  8.00001389e-01 
-1.42500000e-01  1.79999993e+00 -1.42500000e-01  9.99998561e-01 -1.42500000e-01  8.00001366e-01 
-1.40000000e-01  1.79999993e+00 -1.40000000e-01  9.99998584e-01 -1.40000000e-01  8.00001344e-01 
-1.37500000e-01  1.79999993e+00 -1.37500000e-01  9.99998607e-01 -1.37500000e-01  8.00001321e-01 
-1.35000000e-01  1.79999993e+00 -1.35000000e-01  9.99998629e-01 -1.35000000e-01  8.00001298e-01 
-1.32500000e-01  1.79999993e+00 -1.32500000e-01  9.99998652e-01 -1.32500000e-01  8.00001276e-01 
-1.30000000e-01  1.79999993e+00 -1.30000000e-01  9.99998675e-01 -1.30000000e-01  8.00001253e-01 
-1.27500000e-01  1.79999993e+00 -1.27500000e-01  9.99998697e-01 -1.27500000e-01  8.00001230e-01 
-1.25000000e-01  1.79999993e+00 -1.25000000e-01  9.99998720e-01 -1.25000000e-01  8.00001207e-01 
-1.22500000e-01  1.79999993e+00 -1.22500000e-01  9.99998743e-01 -1.22500000e-01  8.00001185e-01 
-1.20000000e-01  1.79999993e+00 -1.20000000e-01  9.99998766e-01 -1.20000000e-01  8.00001162e-01 
-1.17500000e-01  1.79999993e+00 -1.17500000e-01  9.99998788e-01 -1.17500000e-01  8.00001139e-01 
-1.15000000e-01  1.79999993e+00 -1.15000000e-01  9.99998811e-01 -1.15000000e-01  8.00001117e-01 
-1.12500000e-01  1.79999993e+00 -1.12500000e-01  9.99998834e-01 -1.12500000e-01  8.00001094e-01 
-1.10000000e-01  1.79999993e+00 -1.10000000e-01  9.99998857e-01 -1.10000000e-01  8.00001071e-01 
-1.07500000e-01  1.79999993e+00 -1.07500000e-01  9.99998879e-01 -1.07500000e-01  8.00001048e-01 
-1.05000000e-01  1.79999993e+00 -1.05000000e-01  9.99998902e-01 -1.05000000e-01  8.00001026e-01 
-1.02500000e-01  1.79999993e+00 -1.02500000e-01  9.99998925e-01 -1.02500000e-01  8.00001003e-01 
-1.00000000e-01  1.79999993e+00 -1.00000000e-01  9.99998947e-01 -1.00000000e-01  8.00000980e-01 
-9.75000000e-02  1.79999993e+00 -9.75000000e-02  9.99998970e-01 -9.75000000e-02  8.00000957e-01 
-9.50000000e-02  1.79999993e+00 -9.50000000e-02  9.99998993e-01 -9.50000000e-02  8.00000935e-01 
-9.25000000e-02  1.79999993e+00 -9.25000000e-02  9.99999016e-01 -9.25000000e-02  8.00000912e-01 
-9.00000000e-02  1.79999993e+00 -9.00000000e-02  9.99999038e-01 -9.00000000e-02  8.00000889e-01 
-8.75000000e-02  1.79999993e+00 -8.75000000e-02  9.99999061e-01 -8.75000000e-02  8.00000866e-01 
-8.50000000e-02  1.79999993e+00 -8.50000000e-02  9.99999084e-01 -8.50000000e-02  8.00000844e-01 
-8.25000000e-02  1.79999993e+00 -8.25000000e-02  9.99999107e-01 -8.25000000e-02  8.00000821e-01 
-8.00000000e-02  1.79977271e+00 -8.00000000e-02  1.00022635e+00 -8.00000000e-02  7.99546356e-01 
-7.75000000e-02  1.79824600e+00 -7.75000000e-02  1.00175308e+00 -7.75000000e-02  7.96492918e-01 
-7.50000000e-02  1.79538575e+00 -7.50000000e-02  1.00461335e+00 -7.50000000e-02  7.90772401e-01 
-7.25000000e-02  1.79130129e+00 -7.25000000e-02  1.00869783e+00 -7.25000000e-02  7.82603466e-01 
-7.00000000e-02  1.78608878e+00 -7.00000000e-02  1.01391036e+00 -7.00000000e-02  7.72178416e-01 
-6.75000000e-02  1.77983366e+00 -6.75000000e-02  1.02016549e+00 -6.75000000e-02  7.59668174e-01 
-6.50000000e-02  1.77261268e+00 -6.50000000e-02  1.02738649e+00 -6.50000000e-02  7.45226187e-01 
-6.25000000e-02  1.76449524e+00 -6.25000000e-02  1.03550395e+00 -6.25000000e-02  7.28991290e-01 
-6.00000000e-02  1.75554459e+00 -6.00000000e-02  1.04445461e+00 -6.00000000e-02  7.11089979e-01 
-5.75000000e-02  1.74581873e+00 -5.75000000e-02  1.05418048e+00 -5.75000000e-02  6.91638250e-01 
-5.50000000e-02  1.73537116e+00 -5.50000000e-02  1.06462806e+00 -5.50000000e-02  6.70743101e-01 
-5.25000000e-02  1.72425150e+00 -5.25000000e-02  1.07574773e+00 -5.25000000e-02  6.48503766e-01 
-5.00000000e-02  1.71250599e+00 -5.00000000e-02  1.08749325e+00 -5.00000000e-02  6.25012743e-01 
-4.75000000e-02  1.70017796e+00 -4.75000000e-02  1.09982130e+00 -4.75000000e-02  6.00356660e-01 
-4.50000000e-02  1.68730814e+00 -4.50000000e-02  1.11269113e+00 -4.50000000e-02  5.74617007e-01 
-4.25000000e-02  1.67393502e+00 -4.25000000e-02  1.12606426e+00 -4.25000000e-02  5.47870757e-01 
-4.00000000e-02  1.66009510e+00 -4.00000000e-02  1.13990419e+00 -4.00000000e-02  5.20190909e-01 
-3.75000000e-02  1.64582312e+00 -3.75000000e-02  1.15417617e+00 -3.75000000e-02  4.91646947e-01 
-3.50000000e-02  1.63115228e+00 -3.50000000e-02  1.16884702e+00 -3.50000000e-02  4.62305253e-01 
-3.25000000e-02  1.61611438e+00 -3.25000000e-02  1.18388493e+00 -3.25000000e-02  4.32229454e-01 
-3.00000000e-02  1.60074003e+00 -3.00000000e-02  1.19925928e+00 -3.00000000e-02  4.01480749e-01 
-2.75000000e-02  1.58505875e+00 -2.75000000e-02  1.21494057e+00 -2.75000000e-02  3.70118180e-01 
-2.50000000e-02  1.56909910e+00 -2.50000000e-02  1.23090022e+00 -2.50000000e-02  3.38198887e-01 
-2.25000000e-02  1.55288883e+00 -2.25000000e-02  1.24711049e+00 -2.25000000e-02  3.05778338e-01 
-2.00000000e-02  1.53645493e+00 -2.00000000e-02  1.26354440e+00 -2.00000000e-02  2.72910530e-01 
-1.75000000e-02  1.51982376e+00 -1.75000000e-02  1.28017558e+00 -1.75000000e-02  2.39648183e-01 
-1.50000000e-02  1.50302112e+00 -1.50000000e-02  1.29697821e+00 -1.50000000e-02  2.06042911e-01 
-1.25000000e-02  1.48607236e+00 -1.25000000e-02  1.31392698e+00 -1.25000000e-02  1.72145386e-01 
-1.00000000e-02  1.46900242e+00 -1.00000000e-02  1.33099693e+00 -1.00000000e-02  1.38005489e-01 
-7.50000000e-03  1.45183590e+00 -7.50000000e-03  1.34816345e+00 -7.50000000e-03  1.03672454e-01 
-5.00000000e-03  1.43459718e+00 -5.00000000e-03  1.36540217e+00 -5.00000000e-03  6.91950051e-02 
-2.50000000e-03  1.41731042e+00 -2.50000000e-03  1.38268893e+00 -2.50000000e-03  3.46214886e-02 
 1.04950770e-16  1.39999967e+00  1.04950770e-16  1.39999967e+00  1.04950770e-16  3.46088269e-10 
 2.50000000e-03  1.38268893e+00  2.50000000e-03  1.41731042e+00  2.50000000e-03 -3.46214878e-02 
 5.00000000e-03  1.36540217e+00  5.00000000e-03  1.43459718e+00  5.00000000e-03 -6.91950043e-02 
 7.50000000e-03  1.34816345e+00  7.50000000e-03  1.45183590e+00  7.50000000e-03 -1.03672453e-01 
 1.00000000e-02  1.33099693e+00  1.00000000e-02  1.46900242e+00  1.00000000e-02 -1.38005488e-01 
 1.25000000e-02  1.31392698e+00  1.25000000e-02  1.48607236e+00  1.25000000e-02 -1.72145385e-01 
 1.50000000e-02  1.29697821e+00  1.50000000e-02  1.50302112e+00  1.50000000e-02 -2.06042909e-01 
 1.75000000e-02  1.28017558e+00  1.75000000e-02  1.51982376e+00  1.75000000e-02 -2.39648181e-01 
 2.00000000e-02  1.26354440e+00  2.00000000e-02  1.53645493e+00  2.00000000e-02 -2.72910527e-01 
 2.25000000e-02  1.24711050e+00  2.25000000e-02  1.55288883e+00  2.25000000e-02 -3.05778335e-01 
 2.50000000e-02  1.23090022e+00  2.50000000e-02  1.56909910e+00  2.50000000e-02 -3.38198883e-01 
 2.75000000e-02  1.21494057e+00  2.75000000e-02  1.58505875e+00  2.75000000e-02 -3.70118175e-01 
 3.00000000e-02  1.19925928e+00  3.00000000e-02  1.60074003e+00  3.00000000e-02 -4.01480744e-01 
 3.25000000e-02  1.18388493e+00  3.25000000e-02  1.61611438e+00  3.25000000e-02 -4.32229448e-01 
 3.50000000e-02  1.16884703e+00  3.50000000e-02  1.63115227e+00  3.50000000e-02 -4.62305244e-01 
 3.75000000e-02  1.15417618e+00  3.75000000e-02  1.64582311e+00  3.75000000e-02 -4.91646938e-01 
 4.00000000e-02  1.13990419e+00  4.00000000e-02  1.66009509e+00  4.00000000e-02 -5.20190897e-01 
 4.25000000e-02  1.12606427e+00  4.25000000e-02  1.67393501e+00  4.25000000e-02 -5.47870743e-01 
 4.50000000e-02  1.11269114e+00  4.50000000e-02  1.68730813e+00  4.50000000e-02 -5.74616989e-01 
 4.75000000e-02  1.09982131e+00  4.75000000e-02  1.70017795e+00  4.75000000e-02 -6.00356639e-01 
 5.00000000e-02  1.08749326e+00  5.00000000e-02  1.71250598e+00  5.00000000e-02 -6.25012717e-01 
 5.25000000e-02  1.07574775e+00  5.25000000e-02  1.72425148e+00  5.25000000e-02 -6.48503734e-01 
 5.50000000e-02  1.06462808e+00  5.50000000e-02  1.73537114e+00  5.50000000e-02 -6.70743062e-01 
 5.75000000e-02  1.05418050e+00  5.75000000e-02  1.74581871e+00  5.75000000e-02 -6.91638202e-01 
 6.00000000e-02  1.04445464e+00  6.00000000e-02  1.75554456e+00  6.00000000e-02 -7.11089919e-01 
 6.25000000e-02  1.03550398e+00  6.25000000e-02  1.76449520e+00  6.25000000e-02 -7.28991215e-01 
 6.50000000e-02  1.02738654e+00  6.50000000e-02  1.77261263e+00  6.50000000e-02 -7.45226093e-01 
 6.75000000e-02  1.02016555e+00  6.75000000e-02  1.77983360e+00  6.75000000e-02 -7.59668054e-01 
 7.00000000e-02  1.01391044e+00  7.00000000e-02  1.78608870e+00  7.00000000e-02 -7.72178261e-01 
 7.25000000e-02  1.00869793e+00  7.25000000e-02  1.79130119e+00  7.25000000e-02 -7.82603264e-01 
 7.50000000e-02  1.00461348e+00  7.50000000e-02  1.79538561e+00  7.50000000e-02 -7.90772132e-01 
 7.75000000e-02  1.00175313e+00  7.75000000e-02  1.79824595e+00  7.75000000e-02 -7.96492819e-01 
 8.00000000e-02  1.00022580e+00  8.00000000e-02  1.79977326e+00  8.00000000e-02 -7.99547457e-01 
 8.25000000e-02  9.99999107e-01  8.25000000e-02  1.79999993e+00  8.25000000e-02 -8.00000821e-01 
 8.50000000e-02  9.99999084e-01  8.50000000e-02  1.79999993e+00  8.50000000e-02 -8.00000844e-01 
 8.75000000e-02  9.99999061e-01  8.75000000e-02  1.79999993e+00  8.75000000e-02 -8.00000866e-01 
 9.00000000e-02  9.99999038e-01  9.00000000e-02  1.79999993e+00  9.00000000e-02 -8.00000889e-01 
 9.25000000e-02  9.99999016e-01  9.25000000e-02  1.79999993e+00  9.25000000e-02 -8.00000912e-01 
 9.50000000e-02  9.99998993e-01  9.50000000e-02  1.79999993e+00  9.50000000e-02 -8.00000935e-01 
 9.75000000e-02  9.99998970e-01  9.75000000e-02  1.79999993e+00  9.75000000e-02 -8.00000957e-01 
 1.00000000e-01  9.99998947e-01  1.00000000e-01  1.79999993e+00  1.00000000e-01 -8.00000980e-01 
 1.02500000e-01  9.99998925e-01  1.02500000e-01  1.79999993e+00  1.02500000e-01 -8.00001003e-01 
 1.05000000e-01  9.99998902e-01  1.05000000e-01  1.79999993e+00  1.05000000e-01 -8.00001026e-01 
 1.07500000e-01  9.99998879e-01  1.07500000e-01  1.79999993e+00  1.07500000e-01 -8.00001048e-01 
 1.10000000e-01  9.99998857e-01  1.10000000e-01  1.79999993e+00  1.10000000e-01 -8.00001071e-01 
 1.12500000e-01  9.99998834e-01  1.12500000e-01  1.79999993e+00  1.12500000e-01 -8.00001094e-01 
 1.15000000e-01  9.99998811e-01  1.15000000e-01  1.79999993e+00  1.15000000e-01 -8.00001117e-01 
 1.17500000e-01  9.99998788e-01  1.17500000e-01  1.79999993e+00  1.17500000e-01 -8.00001139e-01 
 1.20000000e-01  9.99998766e-01  1.20000000e-01  1.79999993e+00  1.20000000e-01 -8.00001162e-01 
 1.22500000e-01  9.99998743e-01  1.22500000e-01  1.79999993e+00  1.22500000e-01 -8.00001185e-01 
 1.25000000e-01  9.99998720e-01  1.25000000e-01  1.79999993e+00  1.25000000e-01 -8.00001207e-01 
 1.27500000e-01  9.99998697e-01  1.27500000e-01  1.79999993e+00  1.27500000e-01 -8.00001230e-01 
 1.30000000e-01  9.99998675e-01  1.30000000e-01  1.79999993e+00  1.30000000e-01 -8.00001253e-01 
 1.32500000e-01  9.99998652e-01  1.32500000e-01  1.79999993e+00  1.32500000e-01 -8.00001276e-01 
 1.35000000e-01  9.99998629e-01  1.35000000e-01  1.79999993e+00  1.35000000e-01 -8.00001298e-01 
 1.37500000e-01  9.99998607e-01  1.37500000e-01  1.79999993e+00  1.37500000e-01 -8.00001321e-01 
 1.40000000e-01  9.99998584e-01  1.40000000e-01  1.79999993e+00  1.40000000e-01 -8.00001344e-01 
 1.42500000e-01  9.99998561e-01  1.42500000e-01  1.79999993e+00  1.42500000e-01 -8.00001366e-01 
 1.45000000e-01  9.99998538e-01  1.45000000e-01  1.79999993e+00  1.45000000e-01 -8.00001389e-01 
 1.47500000e-01  9.99998516e-01  1.47500000e-01  1.79999993e+00  1.47500000e-01 -8.00001412e-01 
 1.50000000e-01  9.99998493e-01  1.50000000e-01  1.79999993e+00  1.50000000e-01 -8.00001435e-01 
